12.240295 44.693943
12.260139 44.692757
12.280027 44.692394
12.298193 44.692425
12.312987 44.692455
12.327398 44.692478
12.341669 44.692505
12.356080 44.692528
12.371359 44.692551
12.386806 44.692570
12.401477 44.692589
12.416211 44.692604
12.433350 44.692619
12.453180 44.692635
12.473064 44.692646
12.492940 44.692654
12.512809 44.692657
12.532713 44.692657
12.552600 44.692654
12.572487 44.692650
12.592371 44.692642
12.612254 44.692627
12.632136 44.692612
12.652020 44.692593
12.671904 44.692570
12.691792 44.692780
12.711613 44.694344
12.731189 44.697750
12.750354 44.703033
12.768536 44.710991
12.784074 44.723312
12.795659 44.739319
12.801850 44.758160
12.804029 44.777924
12.805048 44.797779
12.806067 44.817635
12.807088 44.837494
12.808110 44.857349
12.809133 44.877205
12.810157 44.897064
12.811182 44.916920
12.812206 44.936775
12.813025 44.956642
12.812666 44.976517
12.811961 44.996387
12.811256 45.016258
12.810551 45.036129
12.809846 45.056000
12.809140 45.075871
12.808293 45.095745
12.805054 45.115318
12.796926 45.133343
12.782291 45.146564
12.764194 45.154720
12.745077 45.160229
12.725587 45.164143
12.705838 45.166321
12.685972 45.167263
12.666105 45.168053
12.646237 45.168819
12.626366 45.169460
12.606488 45.169941
12.586609 45.170334
12.566730 45.170704
12.546848 45.171074
12.526964 45.171440
12.507061 45.171803
12.487195 45.172108
12.467310 45.172226
12.447416 45.172157
12.427539 45.172058
12.407666 45.171951
12.387802 45.171841
12.367892 45.171730
12.348042 45.171612
12.328184 45.171494
